Hidden Layer Bias Gradients:
[0.0169052] [0.00457946] [0.00279944] [0.00263288] [0.0116468] [0.00189416] [-0.00203505] [0.00617797] [0.00652235] [-0.00609576] [0.000168983] [-0.00821273] [0.000123269] [0.0292236] [0.00837525] 

Output Layer Bias Gradients:
[0.0875706] [0.0664034] [-0.000194142] [0.0860798] [0.037315] [0.0577959] [0.0847033] [0.0234274] [0.0813247] [0.068694] 

Hidden Layer Bias Gradients:
[0.0167976] [0.00784043] [0.00567929] [0.00563254] [0.0133722] [0.0055008] [-0.00281883] [0.00709085] [0.00675487] [-0.00533386] [0.00356832] [-0.00721693] [9.05962e-05] [0.0261972] [0.00997814] 

Output Layer Bias Gradients:
[0.0696845] [0.0401683] [-0.000302603] [0.0686056] [0.0500523] [0.039069] [0.0733966] [0.0306511] [0.0666525] [0.0498349] 

Hidden Layer Bias Gradients:
[0.0132004] [0.00602014] [0.00958948] [0.00592345] [0.0107403] [0.00548224] [-0.00181999] [0.00517223] [0.00495657] [-0.00349975] [0.00364137] [-0.00531644] [0.00024423] [0.0178954] [0.0100793] 

Output Layer Bias Gradients:
[0.0437753] [0.024513] [-0.000352394] [0.037316] [0.0698363] [0.0243642] [0.0446347] [0.0402763] [0.0472566] [0.0339331] 

Hidden Layer Bias Gradients:
[0.0106622] [0.00436305] [0.0135054] [0.00551151] [0.00976482] [0.00478283] [-0.00214487] [0.00333492] [0.00456083] [-0.00268045] [0.00311517] [-0.00413537] [0.000346555] [0.012847] [0.0107176] 

Output Layer Bias Gradients:
[0.0275503] [0.0165101] [-0.000357148] [0.0217148] [0.0881882] [0.0163344] [0.0273788] [0.0505664] [0.0320162] [0.0238925] 

Hidden Layer Bias Gradients:
[0.00861451] [0.00281693] [0.0132847] [0.0044463] [0.0126023] [0.0045312] [-0.0022659] [0.00267114] [0.00887564] [-0.00260753] [0.00294652] [-0.00279149] [0.000114227] [0.00959505] [0.00985259] 

Output Layer Bias Gradients:
[0.0187745] [0.0118639] [-0.000344722] [0.0141025] [0.0672266] [0.0117353] [0.0182937] [0.0588524] [0.0227057] [0.0178334] 

Hidden Layer Bias Gradients:
[0.00648485] [0.00138024] [0.0103768] [0.00317948] [0.0133135] [0.00403258] [-0.00218326] [0.00225648] [0.0111572] [-0.00268454] [0.00262507] [-0.00167951] [-0.00015311] [0.00703674] [0.00767704] 

Output Layer Bias Gradients:
[0.013442] [0.00866645] [-0.000329281] [0.0097005] [0.03533] [0.00894368] [0.0128507] [0.0579608] [0.0167197] [0.0136174] 

Hidden Layer Bias Gradients:
[0.00492625] [0.00149908] [0.00758801] [0.00249901] [0.010307] [0.00339176] [-0.00127153] [0.0022894] [0.00889875] [-0.0021783] [0.00245536] [-0.0011956] [-0.000179165] [0.0053963] [0.00602015] 

Output Layer Bias Gradients:
[0.0101794] [0.00655149] [-0.000317563] [0.00709481] [0.0220921] [0.00718432] [0.00950354] [0.0427518] [0.0128508] [0.0106206] 

Hidden Layer Bias Gradients:
[0.00380164] [0.00166344] [0.00537243] [0.00204801] [0.00737924] [0.00272064] [-0.000542909] [0.00218234] [0.00644537] [-0.00153962] [0.0022153] [-0.0009492] [-0.000145351] [0.0042456] [0.00466364] 

Output Layer Bias Gradients:
[0.00810554] [0.00523997] [-0.000308029] [0.00556137] [0.0155306] [0.00597586] [0.0074451] [0.0284457] [0.0102311] [0.0086113] 

Hidden Layer Bias Gradients:
[0.00305519] [0.00161109] [0.00402386] [0.00171708] [0.00548568] [0.00221503] [-0.000205026] [0.00196914] [0.0048851] [-0.00111888] [0.00195954] [-0.000790008] [-0.000116954] [0.00345095] [0.00374162] 

Output Layer Bias Gradients:
[0.00671466] [0.00439442] [-0.000299996] [0.00460664] [0.0117603] [0.00511194] [0.00611942] [0.0199767] [0.00840697] [0.0072281] 

Hidden Layer Bias Gradients:
[0.00254172] [0.00150135] [0.00317947] [0.00147378] [0.00428427] [0.00185399] [-4.87861e-05] [0.00176341] [0.00391052] [-0.000865644] [0.0017384] [-0.000676723] [-9.46596e-05] [0.00289642] [0.00311247] 

Output Layer Bias Gradients:
[0.00572758] [0.00380565] [-0.000293088] [0.00395625] [0.00937131] [0.00446775] [0.00520165] [0.0149746] [0.00709592] [0.00622357] 

Hidden Layer Bias Gradients:
[0.00217566] [0.00138139] [0.00260847] [0.00129626] [0.00348984] [0.00159908] [3.05961e-05] [0.00157733] [0.00321748] [-0.000696831] [0.00154902] [-0.00059071] [-7.84796e-05] [0.00248867] [0.00266112] 

Output Layer Bias Gradients:
[0.00499183] [0.00336899] [-0.000287024] [0.00348073] [0.0077446] [0.00396882] [0.00452644] [0.011797] [0.00611773] [0.00546074] 

Hidden Layer Bias Gradients:
[0.00189699] [0.00126466] [0.00221773] [0.00115059] [0.00293422] [0.00139388] [7.33622e-05] [0.0014258] [0.00272478] [-0.000579385] [0.00139377] [-0.000525366] [-6.6643e-05] [0.00218746] [0.00232203] 

Output Layer Bias Gradients:
[0.00442224] [0.00303033] [-0.000281619] [0.00311544] [0.00657385] [0.0035713] [0.00400825] [0.00964412] [0.0053641] [0.00486205] 

